1.102673268858026859e+04 6.075424724327000149e+03 7.907851130724152426e+02
1.058246270267795262e+04 5.597435082499865530e+03 7.991163083888566234e+02
1.081376045873900330e+04 6.253916003040096257e+03 6.281759764566008926e+02
1.099301802476728517e+04 5.814420232836515424e+03 6.983818867869201767e+02
1.023643017405557839e+04 5.719194463634275053e+03 6.589813516674798848e+02
1.091849525008523597e+04 5.589110069679534718e+03 6.022970951008318252e+02
1.103609972824726356e+04 5.930960141071235739e+03 7.594425121453775773e+02
1.118426981852743847e+04 5.662074535267800456e+03 6.927778978843662117e+02
1.053473432131180198e+04 5.713494519133719223e+03 6.982375973428472662e+02
1.092013965904530414e+04 6.123795913794383523e+03 6.763418968485603955e+02
1.063568500150528416e+04 5.675703526744514420e+03 7.937439420947645203e+02
1.071461947997169409e+04 5.052804703566101125e+03 7.920102530015266211e+02
1.066680002301411696e+04 5.708735321021855270e+03 7.931374078511537391e+02
1.090094273965976572e+04 5.460887508556611465e+03 6.281139846249432139e+02
1.078182686455056864e+04 5.542984476857563095e+03 6.476033540833827828e+02
1.080455359721792956e+04 5.630703381380939391e+03 7.026001080729990917e+02
1.071031104585502908e+04 5.679978875992896974e+03 7.963897602250925729e+02
1.054008160753310040e+04 5.882755438419373604e+03 6.004669217640673651e+02
1.028136349677961698e+04 5.730559389877242211e+03 6.339909341438178672e+02
1.070309027089374285e+04 5.873204469601892924e+03 7.059166809355217538e+02
1.118472891022653494e+04 5.783280648298291453e+03 6.089201645248680279e+02
1.055881154103760127e+04 5.302969068378570228e+03 6.353826440197917691e+02
1.074581419616924723e+04 5.769329767403235564e+03 7.978248457651340004e+02
1.047103679298593488e+04 6.109685608754094574e+03 7.820619877272119993e+02
1.097786030881629813e+04 5.444526661052595045e+03 7.026685779295837619e+02
1.074039075769377087e+04 5.263930039690149897e+03 6.539400411252938738e+02
1.126510801843883928e+04 5.611063648799253315e+03 7.890887880679924820e+02
1.049003664165996270e+04 5.321826534434509085e+03 7.076047205463682985e+02
1.067278959341611153e+04 5.575253113773292171e+03 7.647355741959017905e+02
1.064608148283437004e+04 6.281932719131165868e+03 7.806161726832654040e+02
1.070028485262434515e+04 5.674025222686621419e+03 7.972900231921382783e+02
1.041401449776001755e+04 5.791606328793190187e+03 6.022725867130263850e+02
1.074239676864039393e+04 5.690477551894581666e+03 7.895455910469268019e+02
1.074933727574677323e+04 5.975402972709951428e+03 6.575897578027452255e+02
1.074671421618326531e+04 5.637974678002711698e+03 7.568401970679370834e+02
1.114380294775917355e+04 5.490587937144951866e+03 7.887516325357564710e+02
1.051866327775634818e+04 5.907788864317455591e+03 6.049540706138084261e+02
1.028494401716407447e+04 5.956408942078485779e+03 7.950266700847279253e+02
1.045469856463972064e+04 5.273767804427768169e+03 6.963096333263173392e+02
1.100324865782279448e+04 5.925111442775742034e+03 7.768496025283189965e+02
1.034859280509649579e+04 5.734716393090264319e+03 6.041587907275736598e+02
1.060924291436112799e+04 5.104516852293770171e+03 6.774446283921977283e+02
1.087267676226360527e+04 6.089256992600836384e+03 6.653643040055112579e+02
1.085824051408033483e+04 5.234324745971023731e+03 7.738997064249952018e+02
1.082260126020494681e+04 5.535574675085089439e+03 6.169695013963453221e+02
1.069486608766263271e+04 6.238779324077157980e+03 7.120403863413737326e+02
1.045243646309774886e+04 5.826110055339771861e+03 6.015939228207303131e+02
1.026152675047515913e+04 5.956402191339883757e+03 7.994099615818748816e+02
1.044026470715269352e+04 5.339829538637750375e+03 7.627511457813205880e+02
1.129170211199362711e+04 5.728107808940425457e+03 7.291292876952354618e+02
1.068073843663343359e+04 5.442391035538854339e+03 6.479784829930392789e+02
1.080551958713097702e+04 5.913458563192832116e+03 7.574240267533833730e+02
1.038319758411153089e+04 5.907550918653692861e+03 6.946916948149788595e+02
1.120495386511898505e+04 5.861089858283010471e+03 6.003704108981346508e+02
1.045652954504605441e+04 5.890895549188777295e+03 6.246930930893976210e+02
1.056708268319236413e+04 5.166989226023903939e+03 6.084297659601666055e+02
1.024537662529172121e+04 5.496272177778462719e+03 6.387987513767475320e+02
1.058013727583149011e+04 5.685494052952673883e+03 7.592872085299808305e+02
1.128094712405130122e+04 5.812623019233021296e+03 6.476485530914891342e+02
1.046842990097838447e+04 5.385939449143390448e+03 7.743176570739850604e+02
1.078441149198259700e+04 5.591060865424825352e+03 6.853259715690981011e+02
1.042813155290037139e+04 6.060889543025926287e+03 7.789596023541030263e+02
1.085052912084855598e+04 5.295601247102767047e+03 7.216834046660997046e+02
1.132004612560676833e+04 5.653433738770505443e+03 7.935958912439535879e+02
1.093103640197216373e+04 5.242433549379064061e+03 7.986513197607785060e+02
1.038223958359771859e+04 5.746452653295833443e+03 6.004482530728844267e+02
1.084628661565758739e+04 5.546753041518903046e+03 6.113008513666020463e+02
1.099801900405272863e+04 5.771776320920591388e+03 6.574473881912242632e+02
1.071641459107172341e+04 5.710947144799493799e+03 7.998820104995061229e+02
1.096218078670253271e+04 5.591915389346958364e+03 6.011005726316354867e+02
1.044691720244813041e+04 5.964171906138792110e+03 6.884076433211887434e+02
1.033011720160998630e+04 5.623667553794055493e+03 6.138801302603993690e+02
1.032889640304311979e+04 5.563511700728125106e+03 6.508387694445614216e+02
1.025218707806033126e+04 5.544627751209784037e+03 6.143854790418286029e+02
1.071503972480680568e+04 5.414790440032048537e+03 6.110089680603537090e+02
1.127289969289388500e+04 5.637265305751931010e+03 7.805020110653496204e+02
1.074052374774383316e+04 6.204600103801328260e+03 6.444707085355992149e+02
1.068949102806430528e+04 6.081711398068295239e+03 6.058447186004473224e+02
1.049597858078512581e+04 6.015696634421300587e+03 6.905843646475199193e+02
1.039104634546154375e+04 5.644223398698743040e+03 6.372081603256151539e+02
1.022862864150287169e+04 5.929914376586641993e+03 7.998662588707861687e+02
1.054773314024362116e+04 5.507932765227778873e+03 7.938112521302123241e+02
1.057761878860068282e+04 5.902523190494238406e+03 6.032227876514398304e+02
1.060220018870685635e+04 6.032641094532941679e+03 6.224446211644900586e+02
1.051556060570351838e+04 6.040493589022828019e+03 6.952060990990000846e+02
1.054607920696065412e+04 5.540291011449262442e+03 7.998677637935043094e+02
1.044479192579694609e+04 6.011584820751681036e+03 7.318360960981256085e+02
1.101147372470294431e+04 5.575595150030339937e+03 6.255841643991848287e+02
1.114909636940165728e+04 5.922932140582250213e+03 6.575104847338873242e+02
1.062752756832664454e+04 5.263547340837740194e+03 6.004288981821619018e+02
1.052830235183231343e+04 5.701769196539752556e+03 7.029406317676230174e+02
1.076828263705104473e+04 5.133209660494560012e+03 7.802050653532037359e+02
1.022343621042814630e+04 5.840624856922990148e+03 7.697429813625929000e+02
1.017559678254638675e+04 5.535036859827673652e+03 6.001367736872152818e+02
1.123067012337497908e+04 5.618651088572712069e+03 7.663785544490601751e+02
1.069031056992270351e+04 5.183224571412054502e+03 6.794923841977246184e+02
1.046307921464032006e+04 5.887168837740284289e+03 6.190072862076798401e+02
1.064922847523846576e+04 5.467064674397359340e+03 6.952149720280285692e+02
1.038705690627560216e+04 5.395211044400264655e+03 7.997376229420306117e+02
1.103066583737733708e+04 5.940530723995310836e+03 7.696046795399690836e+02
1.117528040610273456e+04 5.477247254297731160e+03 7.996751472610669680e+02
1.060629547716142042e+04 5.586521356895174904e+03 7.984602988047573717e+02
1.076441964155329879e+04 5.495371764912901199e+03 6.268922317891394869e+02
1.094835831587341272e+04 6.118231657885455206e+03 7.061303119041829177e+02
1.072394617292445764e+04 5.698800201242630465e+03 7.975140697031765740e+02
1.032388206499998887e+04 5.783171761007370151e+03 6.409847062994813314e+02
1.101906599972262484e+04 5.640793003231058719e+03 6.024026803249080331e+02
1.066600897745005750e+04 5.932400630216071477e+03 6.285228354990492790e+02
1.086771033333203559e+04 5.991326088236300166e+03 7.455003077502389033e+02
1.047780118559971379e+04 5.566446043862977604e+03 7.705493242083173300e+02
1.094346187095522509e+04 6.076875290226234029e+03 7.375851910673653720e+02
1.072160456804897149e+04 6.290805522955925881e+03 7.338570672961461696e+02
1.035723758314052429e+04 5.365795062758718814e+03 7.997110370154254042e+02
1.067650941716065608e+04 5.244929734303713303e+03 6.230873685770152406e+02
1.054450899813377146e+04 5.774179383013184633e+03 6.547112874793115225e+02
1.042342226031487553e+04 5.418580515627640125e+03 7.999074670267358442e+02
1.086328604547026771e+04 5.484158746033548596e+03 6.025708944891599685e+02
1.101764756416108867e+04 6.026060295716190922e+03 7.997207253285630486e+02
1.099789813688898175e+04 5.744383863020462741e+03 6.369752340492420899e+02
1.013882510968372117e+04 5.729539546058472297e+03 7.511183469798869510e+02
1.047469921428223824e+04 5.233246847468174565e+03 6.456422971899173717e+02
1.065562812961559212e+04 6.240539394493385771e+03 7.466204447181177102e+02
1.048308082695627490e+04 6.129524101146641442e+03 7.858200973501784574e+02
1.063214739661494241e+04 5.527771108746087521e+03 7.599865560297439515e+02
1.048995496228613229e+04 5.258930782406844628e+03 6.536420781070512476e+02
1.086025060553450749e+04 6.089269416456188992e+03 6.552282376991407773e+02
1.058198584756877062e+04 5.975538154687047609e+03 6.062499932441212422e+02
1.045533037416718071e+04 6.077056966563487549e+03 7.725752757610923709e+02
1.062738571347563629e+04 5.207445839094380972e+03 6.169000769779599977e+02
1.061742550129228221e+04 5.618831179973528378e+03 7.999921994323608487e+02
1.022999474322492824e+04 5.866556869770706726e+03 7.809883241406472507e+02
1.064809557459936877e+04 5.398735634599658624e+03 6.398835348780617096e+02
1.055671632193648111e+04 5.246668584525697042e+03 6.073796502645573128e+02
1.090631298372044876e+04 5.703120143152626952e+03 6.767421856050098086e+02
1.104323624464339082e+04 5.650111245610988590e+03 6.061185408197819697e+02
1.038750985856879015e+04 5.544941737024461872e+03 7.171048262591768889e+02
1.080797208395061170e+04 5.907953761935032162e+03 7.630643839041370029e+02
1.095390721740851950e+04 5.706787244275169542e+03 6.414859018757276772e+02
1.056892800191025890e+04 5.767667645226168133e+03 6.806078840545660569e+02
1.092445053817480948e+04 5.578772330025131851e+03 6.002447393242782709e+02
1.130773720492139000e+04 5.795447013498142041e+03 6.840387331642020854e+02
1.024105667132353847e+04 5.828385540840115027e+03 7.485100285098328641e+02
1.135532532377179268e+04 5.744645439563340915e+03 7.654838942168019003e+02
1.018703510375642145e+04 5.643624006814582572e+03 6.390644982738872386e+02
1.054390442599999551e+04 5.551314600163079376e+03 7.997832996302940956e+02
1.082288186308921286e+04 5.623696218557199245e+03 6.802192541532863288e+02
1.049097927147316841e+04 5.293144045618490054e+03 6.813968904770651989e+02
1.058262437410027451e+04 5.876421243131430856e+03 6.137690012187522370e+02
1.030342828867740536e+04 5.719695116581871844e+03 6.151290992815640948e+02
1.070637124347295139e+04 5.433834335327142981e+03 6.248124047458219366e+02
1.109827673568694263e+04 5.838647548920333975e+03 6.328517319784399433e+02
1.099400684000956244e+04 5.897513307952900504e+03 7.654391334100295126e+02
1.095413424054503048e+04 5.276902699541366019e+03 7.964970768837637252e+02
1.022392720005581032e+04 5.487560854991701490e+03 6.302580381412649331e+02
1.024477665153202179e+04 5.464694822028950512e+03 6.625975183600062337e+02
1.066405959164552405e+04 5.543419188888491590e+03 7.478384347189135042e+02
1.007019230385455921e+04 5.637801029937951171e+03 7.325224636546965939e+02
1.070340942130882104e+04 5.658193850076465424e+03 7.920368333696344507e+02
1.099366051134026202e+04 5.739815325258429766e+03 6.367472152397907621e+02
1.055063449518332163e+04 5.854724539096140688e+03 6.095043870105848782e+02
1.061384550668973134e+04 5.196595023307997508e+03 6.155945872024863093e+02
1.092630182330655225e+04 5.759501391135494487e+03 7.088530682776550975e+02
1.028475066734166103e+04 5.521607742525027788e+03 6.491139834817115570e+02
1.034041100591452778e+04 5.857360739821942843e+03 6.881385241763086924e+02
1.096989229725300538e+04 5.460412137213043025e+03 6.815790478988743644e+02
1.098531284223627699e+04 5.624906848167649514e+03 6.001853261705633713e+02
1.040005434689106914e+04 5.719578936004117168e+03 6.045367160674388742e+02
1.051583937007154236e+04 5.557793360156488234e+03 7.931313597091016163e+02
1.078697984035155241e+04 6.276591140780563364e+03 6.646025268755724937e+02
1.072036425181329105e+04 5.989203911745726145e+03 6.270185925307741854e+02
1.080917325121374415e+04 6.160536372675858729e+03 6.000189383000516727e+02
1.039298386419822600e+04 5.878486945918621132e+03 6.612127502233103087e+02
1.115110065449631657e+04 5.587189705320823123e+03 7.293983347010605485e+02
1.094663363122048031e+04 6.049981561257721296e+03 7.607151533553485478e+02
1.018751891830512977e+04 5.558692812803377819e+03 6.012232324325054833e+02
1.020424195857988525e+04 5.707353331354773218e+03 6.760491959124325376e+02
1.012106997004167533e+04 5.811259542393182528e+03 7.988722854136867682e+02
1.049499047551138574e+04 5.606311532478250228e+03 7.549381192265564096e+02
1.029568040307300726e+04 5.472468438857317778e+03 6.999899231081775497e+02
1.104230706086268037e+04 5.686378173906679876e+03 6.000222767766792913e+02
1.077687466942669380e+04 5.392074750747251528e+03 6.038297597409748505e+02
1.045475421361914232e+04 5.710323798206022730e+03 6.355678937260635166e+02
1.048904902847606536e+04 5.499487413295350052e+03 7.995701519472512473e+02
1.025231780214657556e+04 5.487599818747618883e+03 6.503237380163591297e+02
1.120692155463547715e+04 5.885039726823483761e+03 6.039339647350375344e+02
1.043681672960677679e+04 5.616680296080039625e+03 6.972574224753698218e+02
1.028956877813617211e+04 5.419994977934486997e+03 7.400314162629673547e+02
1.033492737630713418e+04 5.527957393340917406e+03 6.856078329753278240e+02
1.039350301000078798e+04 5.652061773877029736e+03 6.335595821768040423e+02
1.098367787828620931e+04 5.444268590495999888e+03 7.080588177139593427e+02
1.095380072996853778e+04 5.477629301582363951e+03 6.537120285999135376e+02
1.082123821060795490e+04 6.132524665492854183e+03 6.069702806649543163e+02
1.052169334643246293e+04 5.909775318405703729e+03 6.046699013126002455e+02
1.097170155064517166e+04 5.761922028650336870e+03 6.710929836830725890e+02
1.131797100990955005e+04 5.710524876093197236e+03 7.632855096479117947e+02
1.096402501108908655e+04 5.858636375111557754e+03 7.592644089845838380e+02
1.035312597676609585e+04 5.998206251018399598e+03 7.851921287325890262e+02
1.081958305206898331e+04 5.859072547946986560e+03 7.939065644225656797e+02
1.060826732981901841e+04 5.352040817587630954e+03 6.351225830944529207e+02
1.074777790586244373e+04 6.294046730881048461e+03 7.141154905872440395e+02
1.124872030451352111e+04 5.560656137039161877e+03 7.985718415325784463e+02
1.069834584582883872e+04 5.906929454925316350e+03 6.721118897000028483e+02
1.093997039440044500e+04 5.394433698868991996e+03 7.134711569614745486e+02
1.121317777375011065e+04 5.680704686255773595e+03 7.019041059747762574e+02
1.101616465253992101e+04 5.626682162137160049e+03 6.050531299600841066e+02
1.086754904216584509e+04 5.810853250835358267e+03 7.875761399486888195e+02
1.095447242650718908e+04 5.462228692855733243e+03 6.667996830322560982e+02
1.053574847018795663e+04 5.346208863437301261e+03 6.886834699326504960e+02
1.063913667365085712e+04 5.399306175633471867e+03 6.468575466018737643e+02
1.067841325206623515e+04 5.756345645044553748e+03 7.769659287764332021e+02
1.102617464869073774e+04 5.919691320250947683e+03 7.584781277756200097e+02
1.046089977248154173e+04 5.847073231017555372e+03 6.041714467591897346e+02
1.076138540978687161e+04 5.293486530727363970e+03 6.473269967220851413e+02
1.126828506461270081e+04 5.561323818960813696e+03 7.999999163823865729e+02
1.031334107113761456e+04 6.017217865764440830e+03 7.999588157316820798e+02
1.060761621122917495e+04 5.431021171146878260e+03 7.001614145003914018e+02
1.067024746119140400e+04 6.003557581840708735e+03 6.016134286376075124e+02
1.083688087779771013e+04 5.493670434684441716e+03 6.004220293586222397e+02
1.108045402908300821e+04 5.645529805316002239e+03 6.250203708749722864e+02
1.068653863780246684e+04 5.259307973981265604e+03 6.206756572830836376e+02
1.079401696372086371e+04 6.273771739245532444e+03 6.565574481826934061e+02
1.043910314267027752e+04 6.023457885458188684e+03 7.461823926281481363e+02
1.066638909550254539e+04 6.369559473066327882e+03 7.999388333488770968e+02
1.031179410432424265e+04 5.915558503662262410e+03 7.607190705833909306e+02
1.092247310355422815e+04 6.158723600956462178e+03 6.495787101887667632e+02
1.044248920745463329e+04 6.115563247081516238e+03 7.954622413088178519e+02
1.100337470270341146e+04 5.321468354544977046e+03 7.975033350278185935e+02
1.089471495337999841e+04 5.255187457031495796e+03 7.825056748562928988e+02
1.043711787739325337e+04 5.602351847144323074e+03 7.102386222863560761e+02
1.096929617415395660e+04 6.075588993700344872e+03 7.586153637495524436e+02
1.011685627826039490e+04 5.771200184310830991e+03 7.892093689056189305e+02
1.046716229016226316e+04 5.680258464989941785e+03 6.682846623989923955e+02
1.008284673051012578e+04 5.777751252120049685e+03 7.994127612039651467e+02
1.048979334593667409e+04 5.373944074573683793e+03 7.515324988289189605e+02
1.045651646394026830e+04 5.876703959481843413e+03 6.170226751124162092e+02
1.026238401239398627e+04 5.734340194656891981e+03 6.504251190189959289e+02
1.110854447004510621e+04 5.956985138230114899e+03 7.222205155481601651e+02
1.083437115830436596e+04 5.163277127977868986e+03 7.949235143558414620e+02
1.040404845278357061e+04 6.019711150651974094e+03 7.687648741705968405e+02
1.090068396309837590e+04 5.464334069208845904e+03 6.258645781057095974e+02
1.027601078718130157e+04 5.753475030370262175e+03 6.547333498984702373e+02
1.065904580292743594e+04 5.178804198954067033e+03 6.569474855269324962e+02
1.083923017449256076e+04 5.911209066718609392e+03 7.802341982406178431e+02
1.094012101178695048e+04 6.112591570294210214e+03 7.038253987251998751e+02
1.063394833180770183e+04 5.666392037251506736e+03 7.958732256973116819e+02
1.081219502323659981e+04 6.194434089699578180e+03 6.032310022108136991e+02
1.076617464569522781e+04 5.693286263006008994e+03 7.797492261446323027e+02
1.108065319549792184e+04 5.599889611367105317e+03 6.573665805254174757e+02
1.088722794331682599e+04 5.326086636346990417e+03 7.270373824999198860e+02
1.081389547218599000e+04 5.481812177730993426e+03 6.018143041239627564e+02
1.038068356638585101e+04 5.339786707445980937e+03 7.934693714819401293e+02
1.033732768454419966e+04 5.779006016469229507e+03 6.291240126480638537e+02
1.101279334081386696e+04 6.098258858628764756e+03 7.725230931647221269e+02
1.054022304538245953e+04 6.101686070769862454e+03 7.273124959378642416e+02
1.087148837791030928e+04 5.375018290950298251e+03 6.703646830352754478e+02
1.057232798144936169e+04 5.135594363376218098e+03 6.260938372057397601e+02
1.019075469127440192e+04 5.676294099957718572e+03 6.612425044848355355e+02
1.049250319964839764e+04 5.839943751689821511e+03 6.001474819285940612e+02
1.080931036372327071e+04 5.766071149509743918e+03 7.927093510442584829e+02
1.072084203062998859e+04 5.283823681179454979e+03 6.262645077317324649e+02
1.063595714810420577e+04 5.168410144596759892e+03 6.470614763013653601e+02
1.085246197503963594e+04 5.536192899466440394e+03 6.054379612203558736e+02
1.060292085924157800e+04 6.092862082743885367e+03 6.648768597388389026e+02
1.071876899270631839e+04 5.197746638128030099e+03 6.917387936313807586e+02
1.030421996878901882e+04 5.469982352527104013e+03 7.097714423866808602e+02
1.049211258851141611e+04 5.918607386615682117e+03 6.202792095349354895e+02
1.091952978090917532e+04 5.319642663350715338e+03 7.579461255188355153e+02
1.069438405815206352e+04 5.625372232167148468e+03 7.817797453287865892e+02
1.067000938433718875e+04 5.739082154034076666e+03 7.817485678651439684e+02
1.052588485437414420e+04 5.986282294655849910e+03 6.417821819792503675e+02
1.039355091985913896e+04 5.591835305632446762e+03 6.810048936689718175e+02
1.053156294831302330e+04 6.034278768610567568e+03 6.757080958895768390e+02
1.046001725865765366e+04 6.117437015261946726e+03 7.904108631005883581e+02
1.080719268187083435e+04 5.147410398229951170e+03 7.912879065332958817e+02
1.084456979368297107e+04 5.799350407219269073e+03 7.920355075994771141e+02
1.025025569572422319e+04 5.662576478258089082e+03 6.133272706994357577e+02
1.074231983661944287e+04 5.855237777671950425e+03 7.537469905507512067e+02
1.092924872909596888e+04 5.509186733215159620e+03 6.169604895321774620e+02
1.037761486794593839e+04 5.619128070139243391e+03 6.455969319783810079e+02
1.078802665299269393e+04 5.160646278507996612e+03 7.759384200156189308e+02
1.048685169854118431e+04 5.341699348013005874e+03 7.277322833398089870e+02
1.083668148458639371e+04 5.314870433507468988e+03 6.924374124845329561e+02
1.086305091862146037e+04 5.869161344200312669e+03 7.998526344534293457e+02
1.079216116283597148e+04 5.828086010315856583e+03 7.949480559051347655e+02
1.105894782332794421e+04 5.357799014125366739e+03 7.998598944909706461e+02
1.048647819655316925e+04 5.342252487668947651e+03 7.285224303094448715e+02
1.059532163508306985e+04 5.358613429749992974e+03 6.492279030499724968e+02
1.018665927880582240e+04 5.563540422703585136e+03 6.021406712575341089e+02
1.057141811619065629e+04 6.079967810222977278e+03 6.807670453190813760e+02
1.081858855621043040e+04 5.810384344992588012e+03 7.997343920590290054e+02
1.073442426711396911e+04 5.978001293685009841e+03 6.440674326298656069e+02
1.113969920941124110e+04 5.911374344181193010e+03 6.557804550404218844e+02
1.096491656196849181e+04 5.626112715562580888e+03 6.008576205729316371e+02
1.097392346469218319e+04 5.473183432806614292e+03 6.740088750918233700e+02
1.018663684191847642e+04 5.819658845901409222e+03 7.791033397140818124e+02
1.082426222202368808e+04 5.304371021785685116e+03 6.907375462391801193e+02
1.110383331678676223e+04 5.718821261913411035e+03 6.038815974139695300e+02
1.069012106355572359e+04 5.113529478516369636e+03 7.399589365180858067e+02
1.078158512011204766e+04 5.721053429729894560e+03 7.858801624834582071e+02
1.051782994793822763e+04 5.536688275555710788e+03 7.985992855637783805e+02
1.051085915734721493e+04 5.654403313008554505e+03 7.291023592963601914e+02
1.136204025033327707e+04 5.687849329375128946e+03 7.957531010315864251e+02
1.003036088478621787e+04 5.723360852558157603e+03 7.992153990147021432e+02
1.058043376931203056e+04 5.686670389997261736e+03 7.586558153866407110e+02
1.048115378939806033e+04 5.849384343636950689e+03 6.008492359157141891e+02
1.097590196001689947e+04 5.678399614723382911e+03 6.121487316153867368e+02
1.053422271812414147e+04 6.169688765116676223e+03 7.804131812238902057e+02
1.082756094951393425e+04 5.313145491377108556e+03 6.859057200250323376e+02
1.093957406651806741e+04 5.750853589218763773e+03 6.894069469208873215e+02
1.129035678074611860e+04 5.611716403036994961e+03 7.968179417041249053e+02
1.121726211272194814e+04 5.594068072740908974e+03 7.734661331455365598e+02
1.073622015657148040e+04 5.500123839565270828e+03 6.496970687874979831e+02
1.077307539654172797e+04 5.503260124789424481e+03 6.264286858866404373e+02
1.037736378976035485e+04 5.973441032629872097e+03 7.551543783959975826e+02
1.008215950324570076e+04 5.657191308878216660e+03 7.386846162353998579e+02
1.065880805661718114e+04 5.372571618497282543e+03 6.173628349366962311e+02
1.041638954660669697e+04 5.714234890982603247e+03 6.120035402125156452e+02
1.086613625141941520e+04 6.171378014592919499e+03 6.090736757357046827e+02
1.087226419849650665e+04 6.015488166682675001e+03 7.293744374231755501e+02
1.063192544663473927e+04 5.707886351628694683e+03 7.780725186847566874e+02
1.047797024475798753e+04 5.856512914998262204e+03 6.024551726871795836e+02
1.066881307337567341e+04 5.793010996908201378e+03 7.450390493447940798e+02
1.067948280351247013e+04 5.149095085781215857e+03 7.000512103026810564e+02
1.078749563381875669e+04 5.686724202578255245e+03 7.625182218904785714e+02
1.036661187002262159e+04 5.665202878778983177e+03 6.116907226081242470e+02
1.034196069902805357e+04 5.710946771926897782e+03 6.009387758039414393e+02
1.112638610889284610e+04 5.675545498300412874e+03 6.350957705390919728e+02
1.079002040032160221e+04 5.570177957058473112e+03 6.626599323141306286e+02
1.084968478013892491e+04 5.890886543757450454e+03 7.933727249427528250e+02
1.077598729904350148e+04 5.309349688239202806e+03 6.463776646135881947e+02
1.122381346010513880e+04 5.551075236159848828e+03 7.953729479112097351e+02
1.097782532980268115e+04 5.489678090557455107e+03 6.633888547938785223e+02
1.079011497460877763e+04 5.251682145567233420e+03 7.071936889110875200e+02
1.074339714153247041e+04 6.010245691566408823e+03 6.282394942721617781e+02
1.071717029355181512e+04 5.339881841863052614e+03 6.022157973652800820e+02
1.033403621525400922e+04 5.518694092618318791e+03 6.930026888312125948e+02
1.017536563575660330e+04 5.688376838551400397e+03 6.846715166170633893e+02
1.067776172724043681e+04 6.367385505242638828e+03 7.987957456857893703e+02
1.046596327424686569e+04 5.310608988631437569e+03 7.189207020231480101e+02
1.057328519854838669e+04 5.619574712855617690e+03 7.916594744594355006e+02
1.115703443369976958e+04 5.636410462186745463e+03 6.913860622931219950e+02
1.045435960842696113e+04 5.615135382469915385e+03 7.141701887849028481e+02
1.043848301158918730e+04 5.788775416552127353e+03 6.000419785196602334e+02
1.076838944565265956e+04 6.284044294366942268e+03 6.869968527409560011e+02
1.120320084439420134e+04 5.707306543662602962e+03 6.698764261117346450e+02
1.068792661685816165e+04 6.211864338854893504e+03 6.943229489552948053e+02
1.077721944353074286e+04 6.304656616871787264e+03 6.974297087292628703e+02
1.095977256340805252e+04 5.608611124732437929e+03 6.000225864656829344e+02
1.077700872479539066e+04 5.356451710859519153e+03 6.172063718585112611e+02
1.068652236388366691e+04 5.607301812538260492e+03 7.762301099794528909e+02
1.071501358602941764e+04 5.820529144411098969e+03 7.591735308097034931e+02
1.042332544106079513e+04 5.685315382814317672e+03 6.313121725979414123e+02
1.045863843394051946e+04 6.044548043363261058e+03 7.474034019448423578e+02
1.032484521062038766e+04 5.886398470703843486e+03 7.273896190129897832e+02
1.062040710257560568e+04 6.072811719901814286e+03 6.361592518900771438e+02
1.003070359276823910e+04 5.721408705356749124e+03 7.989398509109175848e+02
1.085768112187817496e+04 5.550900792973435273e+03 6.085131602581788002e+02
1.058663336789965069e+04 6.035878447982595389e+03 6.340237720834887796e+02
1.040539989397327372e+04 5.385321507033761918e+03 7.984126778545870593e+02
1.136132875669078203e+04 5.674104829515424171e+03 7.984433634492617102e+02
1.096413033321664443e+04 5.496159350564578745e+03 6.473814687494592590e+02
1.059844733426344283e+04 6.295010733333361713e+03 7.995614673291986492e+02
1.073706489858507666e+04 6.189472390166289188e+03 6.361612177177385092e+02
1.038032095086895424e+04 5.915211739601370027e+03 7.040514246120199005e+02
1.073765877279454799e+04 5.234961051487061923e+03 6.756924955862439219e+02
1.062414466820874622e+04 5.852472189796853854e+03 6.557783379859112074e+02
1.043545597254197128e+04 6.014455124818303375e+03 7.419107346260145732e+02
1.093877328493181449e+04 5.353588644533279876e+03 7.468352083518498148e+02
1.088684592656557106e+04 5.446381857801319711e+03 6.283669967162379635e+02
1.096964948814713534e+04 5.766802665604829599e+03 6.770413272297223557e+02
1.081714379311749144e+04 5.308728210685325394e+03 6.806501154026025233e+02
1.066219941604709857e+04 5.650007877907221882e+03 7.994137916888080326e+02
1.014840124680626832e+04 5.661606964853786849e+03 6.848423384929399163e+02
1.039163271572672420e+04 6.028905315113148390e+03 7.813570283463316173e+02
1.104991519226532546e+04 6.016520499267750893e+03 7.956295560210244275e+02
1.049010142965343221e+04 5.586243336874353190e+03 7.656750712403771786e+02
1.058854074712667716e+04 5.401007536851008808e+03 6.904565588309988016e+02
1.123937815353785300e+04 5.657154973866722685e+03 7.444942345807512538e+02
1.073945310991215410e+04 5.912147945692616304e+03 7.036262495953668576e+02
1.021415469625864171e+04 5.856620040326126400e+03 7.839524604768539575e+02
1.076169236489342256e+04 6.230541598928213716e+03 6.480466875418535437e+02
1.053508941305294320e+04 5.724227659196470995e+03 6.890378897978332589e+02
1.090686694347929188e+04 5.795374197549308519e+03 7.548105815121293745e+02
1.075313718625806177e+04 6.340999984487516485e+03 7.489243560876049060e+02
1.049360419572542196e+04 5.261049916436477361e+03 6.524417095409202147e+02
1.056377526974456487e+04 5.566038082732551629e+03 7.999797864575549511e+02
1.053271008083502056e+04 5.378516737266482778e+03 7.199326299371873574e+02
1.090108943505436764e+04 5.953548694113038437e+03 7.893309470987862824e+02
1.090848070025501511e+04 5.805929896922790249e+03 7.612764373829056694e+02
1.048407129557015651e+04 5.289444551094999952e+03 6.842052851940585469e+02
1.069335839067634151e+04 5.161061093708820408e+03 7.017479286881330154e+02
1.018891664747795767e+04 5.843094514386185438e+03 7.891426064976185444e+02
1.068851556533180883e+04 6.023035805108117529e+03 6.014267428071657378e+02
1.082449851556805152e+04 5.356553559379789476e+03 6.473618040711355661e+02
1.090312349180087404e+04 5.282838962978955351e+03 7.716878064607208216e+02
1.083569465384312025e+04 5.338757904997070000e+03 6.707609741144104873e+02
1.071582880346189631e+04 5.755572002099335805e+03 7.938288355539709755e+02
1.096154179882344215e+04 6.113557195233281163e+03 7.218252170841954012e+02
1.119482165996877848e+04 5.770056684820828195e+03 6.193607205941460734e+02
1.006489789876009309e+04 5.715357744516782077e+03 7.875970886883559388e+02
1.049887036496367000e+04 5.271326944153960540e+03 6.564043123975101253e+02
1.105603088377340464e+04 5.732550460209569792e+03 6.035491670342593125e+02
1.104722704327339125e+04 5.990158382048359272e+03 7.874157150763410300e+02
1.030923872319141265e+04 5.704920969534686265e+03 6.069253454954091467e+02
1.106831364237774505e+04 5.800799488876444229e+03 6.278288434536157183e+02
1.070377367166304612e+04 6.038438546659208441e+03 6.014051919482446920e+02
1.104949854313607284e+04 5.562717165413894691e+03 6.622621703899317254e+02
1.102635895042254015e+04 5.543909614851429978e+03 6.587262791552885801e+02
1.080223192443679909e+04 5.501770745119095409e+03 6.109232425881978088e+02
1.040313033369511140e+04 5.360035332234996531e+03 7.927573071727485967e+02
1.080000180750660002e+04 6.038573858193417436e+03 6.478081056333558081e+02
1.029792915547737539e+04 5.946971907034279866e+03 7.869827690967797480e+02
1.070652234368259087e+04 5.218190606922375991e+03 6.635414618959977133e+02
1.044007063335866042e+04 5.439722005742279180e+03 7.999995201748998852e+02
1.104145153804819529e+04 5.759770893280088785e+03 6.197095416613697125e+02
1.024977612754343863e+04 5.489778509059161479e+03 6.467282287906346028e+02
1.016527407845716880e+04 5.767211546442492363e+03 7.594212693489957928e+02
1.136513600887098255e+04 5.693735964679013705e+03 7.950086994685566424e+02
1.074837644560513399e+04 5.884599398605871102e+03 7.352602766984763321e+02
1.094961182929763891e+04 5.524828066434964967e+03 6.193705944118480602e+02
1.031352190390252144e+04 5.782785572216265791e+03 6.483616960711312913e+02
1.069766065421894564e+04 5.692961412005299280e+03 7.999128329609109187e+02
1.040688752859407032e+04 5.465898147101566792e+03 7.865647274154146089e+02
1.089733376708474680e+04 5.554101496414163194e+03 6.004202512003240599e+02
1.027722167936515325e+04 5.515164938154423908e+03 6.482855115504227115e+02
1.064055760576386456e+04 5.922786210873872733e+03 6.194202469604180123e+02
1.033670110381183258e+04 5.617058478775459662e+03 6.204159949106394834e+02
1.085700356901477062e+04 5.634104039450476193e+03 6.601540436873200406e+02
1.099216171918127293e+04 5.450869699341153137e+03 7.097251225382127586e+02
1.065031484820955666e+04 5.262230890835477112e+03 6.046704341486436078e+02
1.074497155373275018e+04 5.333315992310444926e+03 6.130339564003407986e+02
1.023926352827056508e+04 5.754445698673587685e+03 6.865805237263185745e+02
1.055810722769370659e+04 5.780302923487827684e+03 6.607284366352228062e+02
1.076507734744561640e+04 5.385577216634008437e+03 6.026460661544979303e+02
1.027478891264727099e+04 5.569678293464368835e+03 6.132814876511484954e+02
1.065118200272831564e+04 5.484162488939987270e+03 7.086591452137081433e+02
1.073344376194777942e+04 5.659694554856167997e+03 7.792854060932135098e+02
1.103765566953774760e+04 5.990170394874645353e+03 7.912294925073645118e+02
1.063681210961140096e+04 5.498030487296084175e+03 7.331237980654096873e+02
1.081871635392565622e+04 5.773571530989007442e+03 7.920613988117581812e+02
1.059495773309060314e+04 6.287801164185847483e+03 7.991979131517441601e+02
1.106710605717108592e+04 5.709881996496724241e+03 6.000531877891353361e+02
1.053708557831457256e+04 5.928326940810174165e+03 6.055552379400348855e+02
1.096145216407777116e+04 5.455037522928492763e+03 6.789088792478463574e+02
1.017436998216197935e+04 5.714619063099453342e+03 7.088023798708779850e+02
1.059324314611619047e+04 6.019292933124355841e+03 6.200411125576870290e+02
1.034273240853030438e+04 5.400515623311862328e+03 7.871056029914877854e+02
1.071380275706852444e+04 5.882932547060926481e+03 7.067896335670948247e+02
1.129132004044214409e+04 5.656475455532014166e+03 7.800836910616525302e+02
1.034620767243115006e+04 5.905230131973427888e+03 7.252200619788643507e+02
1.104378400274515297e+04 5.761035570341706261e+03 6.191475706932919820e+02
1.070835717518348611e+04 5.755520520060913441e+03 7.913462700355332800e+02
1.083554203104211410e+04 6.189528788860467102e+03 6.000007414320004955e+02
1.031354848887177286e+04 5.856089834086008523e+03 7.108293597573751867e+02
1.008401628664733653e+04 5.767912651569999070e+03 7.978807332523709874e+02
1.079546991494145732e+04 5.106002575818363766e+03 7.987741421321361486e+02
1.078258511562741296e+04 5.788946866809096718e+03 7.998402659725784360e+02
1.021429015100826291e+04 5.834179147854035364e+03 7.714423264814868162e+02
1.041375001131449790e+04 5.579104319031671366e+03 7.101322488982409595e+02
1.022459442258641866e+04 5.611782638391736327e+03 6.044330531112598237e+02
1.117642163842367154e+04 5.688273950483049703e+03 6.633892258130395021e+02
1.095912318788343327e+04 5.439659307808118683e+03 6.903595395456602546e+02
1.050456570318197737e+04 5.426578513843625842e+03 7.769348328011787999e+02
1.032525645759891813e+04 5.677352726063356386e+03 6.000083819598655737e+02
1.072202447136101182e+04 5.112382052400564135e+03 7.647844033162207324e+02
1.097299854364036946e+04 5.588991214260474408e+03 6.036391072229084784e+02
1.056694418474598388e+04 5.427879767254369654e+03 7.328865943041287210e+02
1.018595508779998636e+04 5.626394161577593877e+03 6.283515012254117664e+02
1.073012488829984068e+04 5.099616553522964750e+03 7.777172736443100121e+02
1.070485178862129032e+04 5.080789873829282442e+03 7.739871335900254508e+02
1.068728718118567485e+04 6.047318156585384713e+03 6.001656021796534333e+02
1.050808402779700191e+04 5.864104428330923838e+03 6.000240261477881631e+02
1.102797864475156894e+04 5.595085657210206591e+03 6.238383965937090352e+02
1.083790442273170993e+04 5.580257459041698894e+03 6.341672814068012940e+02
1.067798643076019653e+04 5.457531903191726087e+03 6.621559423187973152e+02
1.082802367940117620e+04 5.345555611769603274e+03 6.587414407096441664e+02
1.038764048558167633e+04 6.017326281836225462e+03 7.772552630755947121e+02
1.096067914790536452e+04 6.087096249142343368e+03 7.432698240394207687e+02
1.076909694368055352e+04 5.334419868949981719e+03 6.248752421683119564e+02
1.025973242450081307e+04 5.685127259746512209e+03 6.196929649357982726e+02
1.077956415201522577e+04 5.342967987671952869e+03 6.260116154639756587e+02
1.040604103624094932e+04 5.310760726527193583e+03 7.662504822883137194e+02
1.105076617955790243e+04 5.405449464913307565e+03 7.853019612590655925e+02
1.030075400449748849e+04 5.990102418579840560e+03 7.987575913823557130e+02
1.074121359542058053e+04 5.139434410896280497e+03 7.593080871320159986e+02
1.060476145693404760e+04 6.119776932669139569e+03 6.864337572795534470e+02
1.043859705797110291e+04 6.062124221090884021e+03 7.736666311504643545e+02
1.055766942818158168e+04 5.351468956986974263e+03 6.741515764165897053e+02
1.039654443771089609e+04 5.995497818146988720e+03 7.572679359568207929e+02
1.060317759246218156e+04 5.480301810813902193e+03 7.460848374508161669e+02
1.041304832419120794e+04 5.633745712347862536e+03 6.619562803758202563e+02
1.109297339633141019e+04 5.607333146603040404e+03 6.613251213367244645e+02
1.047771797452808642e+04 5.852356815174424810e+03 6.017500669462303904e+02
1.040400312491079239e+04 5.463397794098628765e+03 7.863933711623915315e+02
1.051630131399927086e+04 5.572232789770083400e+03 7.879019748522568989e+02
1.109227662193271499e+04 5.818481431978894761e+03 6.240799645421063815e+02
1.135187374578426898e+04 5.698639348484328366e+03 7.887595688066461435e+02
1.023724495792374364e+04 5.556915197831047408e+03 6.044982560813043619e+02
1.126335294651819822e+04 5.725877201423028964e+03 7.063451999459161925e+02
1.049990759331453410e+04 6.035846313596352047e+03 7.049816384392343025e+02
1.036038222736451644e+04 5.660519723387801605e+03 6.110543212069732135e+02
1.122747948271991845e+04 5.718985222063263791e+03 6.807187104593897402e+02
1.043462525388654467e+04 5.591245568019488019e+03 7.178148847525776546e+02
1.106782205218076342e+04 6.006696903419699993e+03 7.856088124859311392e+02
1.068329628645660159e+04 5.083035085914557385e+03 7.582167119498551529e+02
1.046955335692644621e+04 5.836898265640310456e+03 6.007499637908853174e+02
1.096973879865301569e+04 5.646684872563032513e+03 6.036499288635200173e+02
1.069779675223679806e+04 5.772197490588150686e+03 7.789312694440725409e+02
1.084077229448222351e+04 5.762380833435980094e+03 7.767048524869503581e+02
1.034696657819566644e+04 5.645826086275204943e+03 6.115790316530124073e+02
1.051341311424207197e+04 5.872023488146851378e+03 6.001009414874614549e+02
1.031441169927265219e+04 5.832971256730525056e+03 6.895600422905565665e+02
1.086665768069181649e+04 5.457511053187649850e+03 6.119551239964334854e+02
1.078763405345865249e+04 5.687505736214821809e+03 7.629632079999511234e+02
1.054172413574427082e+04 6.164850195844348491e+03 7.734251387131680531e+02
1.073583326762989964e+04 5.974091218000397930e+03 6.480463814005585164e+02
1.059093607647491262e+04 5.533167742212844132e+03 7.871120968968086800e+02
1.070367586842831952e+04 6.115197449994040653e+03 6.129752482893010210e+02
1.085677892163747129e+04 5.752159108470341380e+03 7.598132812036958512e+02
1.017790258410761635e+04 5.560528987264260650e+03 6.033183573586987904e+02
1.116314390923866813e+04 5.644204912140057786e+03 6.898954197361470051e+02
1.078986842525359498e+04 6.328152564164847718e+03 7.070619024070770138e+02
1.106619381980117578e+04 5.486737633471601839e+03 7.422791099568995605e+02
1.078435761726888632e+04 6.266721792835991437e+03 6.586573658678544234e+02
1.057948095544598982e+04 5.225969493977650018e+03 6.000000069405091381e+02
1.064687138440126728e+04 5.669926340968520890e+03 7.979089281811460523e+02
1.080531564415172761e+04 5.258961073193992888e+03 7.141909154476747972e+02
1.025860118818946466e+04 5.533324511963961413e+03 6.235457790356542773e+02
1.049140330338114109e+04 5.947488693321892242e+03 6.387103590969024935e+02
1.032509440305402859e+04 5.590860739126452245e+03 6.289125293549949447e+02
1.059276991333224032e+04 5.874571905228360265e+03 6.196453123249423243e+02
1.093434656761956467e+04 5.245371707676811639e+03 7.987048868387353195e+02
1.077900302637879031e+04 6.279705897487066977e+03 6.739769911339814144e+02
1.122431841966497814e+04 5.718759826655353208e+03 6.781659432314545484e+02
1.068029299104145502e+04 6.309177616046605181e+03 7.768012865304702927e+02
1.067552733352631549e+04 5.139373414828750356e+03 7.051726120686423656e+02
1.113991194119562715e+04 5.731933002358604426e+03 6.114679121979030469e+02
1.029373391607257872e+04 5.752480960697211231e+03 6.405961281694336549e+02
1.044521438340122404e+04 5.360353104160714793e+03 7.728917132059323194e+02
1.089752267734860834e+04 5.653407099408605063e+03 6.436713863761358425e+02
1.117693368412882592e+04 5.732179528754529201e+03 6.310783108677574091e+02
1.095589596209194679e+04 6.050680376280651217e+03 7.665799036721548418e+02
1.101860387805411301e+04 5.837859653768238786e+03 6.964752768712078250e+02
1.050450364039228043e+04 5.941322746940739307e+03 6.261450301126089926e+02
1.056084041383914519e+04 5.701959558420997382e+03 7.311569827167149924e+02
1.071305622389673226e+04 5.908229664775948550e+03 6.837257895610530340e+02
1.096172376930245628e+04 5.379497365224305213e+03 7.444968004583820402e+02
1.013899533853627327e+04 5.769994291100537339e+03 7.779908729941366801e+02
1.119024705856847868e+04 5.603448366019665627e+03 7.480975318282612534e+02
1.072015714788416699e+04 6.306251564115720612e+03 7.475479303473754271e+02
1.066377130881021185e+04 6.183446675589388178e+03 6.905466032934009490e+02
1.119280485410172878e+04 5.782363653346757928e+03 6.125063549652001029e+02
1.108313003896379632e+04 5.581921369177340239e+03 6.744112086137566848e+02
1.112879046630366247e+04 5.735121400964960230e+03 6.062861466661598797e+02
1.010629758035379200e+04 5.690650669531424683e+03 7.461810893430887290e+02
1.063740789112491802e+04 5.425076998882335829e+03 6.689302967660973991e+02
1.132804063326203504e+04 5.689726133188425592e+03 7.818918607818883402e+02
1.109871116215680740e+04 6.008633521138465767e+03 7.696413375315833036e+02
1.071221116503944722e+04 5.096947648319086511e+03 7.685069122964591770e+02
1.059560766223477003e+04 5.595405338388542077e+03 7.999998383953828807e+02
1.085687241627961885e+04 6.034853298817934956e+03 6.989300078279068202e+02
1.041316316496986838e+04 5.535997281263775221e+03 7.461176912968519446e+02
1.022932692569457140e+04 5.861676072388749162e+03 7.787361580327691399e+02
1.066304691141797775e+04 5.129331920969023486e+03 7.030072934679119498e+02
1.092267190779536759e+04 5.898219032833630990e+03 7.976486879472940927e+02
1.036480398838575275e+04 5.475284410169363582e+03 7.555607268088025421e+02
1.091223980244960148e+04 6.035679390296014390e+03 7.456396473800748481e+02
1.063035768056788038e+04 6.021690409603973421e+03 6.055819518686305400e+02
1.039555010812334694e+04 5.700137206336007694e+03 6.093173371966009881e+02
1.012649008229449282e+04 5.659025799216209634e+03 7.019597466305262969e+02
1.135686104452603649e+04 5.683295449830110556e+03 7.955914128714238132e+02
1.076220090794045427e+04 5.798635469623408426e+03 7.948049444861652546e+02
1.124225667695642369e+04 5.642470073422493442e+03 7.578733111922174430e+02
1.072809309282832510e+04 5.278925021591933728e+03 6.339723654515228191e+02
1.092428583556334161e+04 5.587981004503276381e+03 6.011722360644318996e+02
1.087663532237582513e+04 5.630066125220042522e+03 6.418834763516873636e+02
1.081529362190609390e+04 5.433265026113340355e+03 6.031840158538041123e+02
1.086736060457213352e+04 5.180082782887446228e+03 7.984517690434629458e+02
1.058183020204819150e+04 5.125569381825361233e+03 6.388336067242764784e+02
1.088555219605628372e+04 5.540796007424182790e+03 6.003053709377585392e+02
1.060125480120696011e+04 5.633814255068327839e+03 7.958439332792285086e+02
1.068167130775988880e+04 6.020911600481041205e+03 6.008076840931535116e+02
1.037164156316855406e+04 5.648465137037873319e+03 6.223562376262594853e+02
1.096483717641147632e+04 6.089914725076505420e+03 7.443398306874453283e+02
1.086328929624042939e+04 6.216662848536109777e+03 6.000001276803338897e+02
1.113774688771282490e+04 5.653037117576795936e+03 6.605639870835582315e+02
1.010047135420424820e+04 5.652465652756477539e+03 7.191316376775178014e+02
1.086847443347534863e+04 6.184581304619502589e+03 6.054849412682145839e+02
1.084760394499176255e+04 6.129920024604515675e+03 6.193742415954152420e+02
1.099107345928428367e+04 5.474635566017332167e+03 6.876870495982051352e+02
1.096007196192321862e+04 5.970956616431986731e+03 7.995326411638912987e+02
1.080000822161767974e+04 5.830175210532949677e+03 7.964287388771995211e+02
1.031745597713059578e+04 5.868755510467886779e+03 7.185253283151405412e+02
1.066594838360027097e+04 5.853366902230394771e+03 6.905580109241286664e+02
1.119293415370012735e+04 5.746783587276985600e+03 6.319826345395881617e+02
1.026447891069655816e+04 5.825983894081222388e+03 7.273483593836363070e+02
1.071970492652708526e+04 5.243149708268156246e+03 6.540145904357234485e+02
1.077613989229154140e+04 5.825124473543624845e+03 7.906758117209120655e+02
1.095815722198484036e+04 5.563513199894874560e+03 6.065919697618617192e+02
1.048050296871872888e+04 5.531385901326892963e+03 7.899516912216013225e+02
1.066613267053524760e+04 5.351865867840296232e+03 6.060316125573206136e+02
1.115622773275606596e+04 5.952681861243288040e+03 6.764372077420086953e+02
1.094038020450583826e+04 5.979312985108264911e+03 7.940754564003452742e+02
1.058234577306773826e+04 6.264436251889170308e+03 7.975395364240716845e+02
1.123623892961193269e+04 5.693198313829561812e+03 7.112702828111071085e+02
1.116706453573697036e+04 5.698761507067853927e+03 6.476325976329655987e+02
1.039136631710693655e+04 6.053344158851223256e+03 7.920669089271229950e+02
1.059362275580749520e+04 6.179496479600120438e+03 7.473753227085205708e+02
1.068913997502289749e+04 5.223044047727462385e+03 6.459720104599362003e+02
1.075972020856418749e+04 5.475263850641031240e+03 6.182638512112495164e+02
1.062044160899243798e+04 6.011317841690899513e+03 6.054491022204700812e+02
1.100077938074214035e+04 5.461093958861413739e+03 7.083033614396288158e+02
1.055687375602870816e+04 5.430140561575996799e+03 7.430164357561877750e+02
1.093032721450747522e+04 5.261550968349553841e+03 7.942555686285022603e+02
1.035388670757645014e+04 5.530479374979568092e+03 7.001635228047754254e+02
1.014802744798706954e+04 5.570804966936673736e+03 6.183289675844830526e+02
1.078940031693039055e+04 5.096413590827898588e+03 7.992139272912888828e+02
1.077077029361873974e+04 5.203522848379651805e+03 7.322187228802794152e+02
1.053580081158551548e+04 5.217369467083246491e+03 6.048304939519537129e+02
1.100625057784290402e+04 5.675471706723312309e+03 6.020406829152901764e+02
1.116628064554343473e+04 5.492767876995886581e+03 7.955776185580223228e+02
1.036499946963786897e+04 5.854561165483715740e+03 6.645613066406936014e+02
1.099117977139218783e+04 5.834828497216672986e+03 7.180500720761436924e+02
1.070157173600278475e+04 6.350644611550765148e+03 7.869959718643582391e+02
1.079396650638903520e+04 5.847923298313744453e+03 7.887249957062075509e+02
1.021959836136647937e+04 5.515732047956196766e+03 6.127361958422401358e+02
1.094663411914065182e+04 5.633069727631878777e+03 6.062469270224437423e+02
1.091629280498351727e+04 6.166895071765974535e+03 6.390050593709504483e+02
1.114165761747955366e+04 5.782126217565662046e+03 6.001410492532129410e+02
1.097901824777539150e+04 5.975595214357692385e+03 7.999537460813559164e+02
1.124132802359322523e+04 5.686830292397107769e+03 7.213101260578430356e+02
1.069013174628145680e+04 6.136905826434920527e+03 6.323898157595195926e+02
1.021664389387069241e+04 5.672053482251013520e+03 6.382369728191513332e+02
1.025227447315012068e+04 5.653976072039383325e+03 6.090133319240376295e+02
1.057770583160644128e+04 5.398240676850094133e+03 6.976113250793927136e+02
1.074026653392290609e+04 5.720668756719691373e+03 7.984875689436220227e+02
1.012656278256434598e+04 5.803304137078460371e+03 7.963818873180134688e+02
1.081707706424061689e+04 5.862907521602814995e+03 7.918217999341686664e+02
1.131664337191992126e+04 5.725818121714721201e+03 7.512029514115922666e+02
1.049958868577175053e+04 5.797932574105317144e+03 6.117939645609808395e+02
1.052286127770172243e+04 5.765891851950882483e+03 6.444705983375259848e+02
1.078639958747280798e+04 5.359355926047022876e+03 6.205745876224887070e+02
1.042928832775635055e+04 5.986198083182147457e+03 7.233991090625600009e+02
1.094358820683257363e+04 6.115755498084417013e+03 7.040946634491967870e+02
1.107314690585031894e+04 5.722229163057592814e+03 6.000274229793778886e+02
1.084934403705528530e+04 5.917066593021182598e+03 7.824336730030818217e+02
1.116391464466149773e+04 5.675888399023106103e+03 6.632888283415612705e+02
1.070714472377210404e+04 6.369267800504470870e+03 7.921172070788950350e+02
1.119568019497358546e+04 5.743347077881684527e+03 6.361103631845787731e+02
1.082729550889779603e+04 5.914581126124890943e+03 7.714001384568987305e+02
1.081861859249677400e+04 5.664202731511758429e+03 7.197388350221592646e+02
1.088307027694749740e+04 5.595854868371069642e+03 6.168761106749063856e+02
1.081849515668067943e+04 5.789868518593966655e+03 7.967822117934479138e+02
1.084159165650626164e+04 5.199410188793904126e+03 7.838151428814544488e+02
1.047250191232002908e+04 5.294268154632805818e+03 6.987053246443095986e+02
1.098171218402605882e+04 5.862768941095453556e+03 7.491572454934416783e+02
1.111410544291516089e+04 5.761659996415254682e+03 6.000048460949832361e+02
1.059189100674927977e+04 5.406819041140828631e+03 6.926356897957605270e+02
1.057866368798539042e+04 5.475137508951905147e+03 7.605892244445630013e+02
1.078189989127027548e+04 6.158356767194033637e+03 6.020637799581237459e+02
1.125073968353975943e+04 5.856420131218306778e+03 6.064894110746037086e+02
1.072081269347403759e+04 5.114746626840473255e+03 7.623312910239022813e+02
1.049052151104655786e+04 5.333073396584086368e+03 7.170906117604816927e+02
1.055288751069567297e+04 5.376093803947050219e+03 6.999848840221012551e+02
1.035955318947585147e+04 5.646625654897487038e+03 6.169467878221053070e+02
1.087253317166610395e+04 6.159513065586489574e+03 6.169926305828867044e+02
1.061354444749381946e+04 5.935653957223783436e+03 6.038779738601165263e+02
1.110569471389151477e+04 5.843051520847020583e+03 6.308914670242147622e+02
1.037135825254854353e+04 5.950195056255190138e+03 7.417797128976146723e+02
1.024898485447688290e+04 5.881292715246812804e+03 7.787135363100578616e+02
1.066873749378198590e+04 5.893823590777515165e+03 6.583796460550707934e+02
1.073056688192105503e+04 6.351833247012220454e+03 7.722933321493885614e+02
1.064736871282910215e+04 6.093511045729817852e+03 6.319772716358635307e+02
1.061301852006216905e+04 5.352190406000265284e+03 6.320661197923524242e+02
1.062299939767187971e+04 5.774195929579742369e+03 7.225347156336114267e+02
1.050291316462367286e+04 6.006065818092005429e+03 6.760848109557359749e+02
1.040624022333371795e+04 6.057211451267774464e+03 7.878153708436229863e+02
1.061839488314605842e+04 5.530920662523473766e+03 7.712827020709139560e+02
1.100260813839177172e+04 5.907232455094428587e+03 7.661869783165209356e+02
1.044945227303612592e+04 5.682699704990545797e+03 6.519008088144676094e+02
1.043797073321113021e+04 5.825114971493626399e+03 6.044215543962583297e+02
1.061166654055075742e+04 5.688946371697074937e+03 7.773348415853386086e+02
1.033262748789844954e+04 5.720324571630752871e+03 6.045671667322983467e+02
1.089502784224236166e+04 5.571960791502213397e+03 6.036468074652975702e+02
1.069947881644033987e+04 5.405288213856516450e+03 6.135923657291656355e+02
1.100149261923702215e+04 5.720618813609919016e+03 6.201389738456360874e+02
1.018407662263401835e+04 5.882493861157001447e+03 7.997020538363168498e+02
1.074343728669328084e+04 6.333126234633473359e+03 7.503330635392804879e+02
1.113796510888628836e+04 5.492410386827401453e+03 7.854121414309320244e+02
1.059609434237163987e+04 5.386689783418354637e+03 6.714121026290556529e+02
1.010191384233993631e+04 5.697658512514562062e+03 7.549076341922598203e+02
1.043841542623294481e+04 5.803471606008634808e+03 6.005219007620921730e+02
1.128047069987565919e+04 5.706784965334556546e+03 7.375789104032223804e+02
1.078967121523769129e+04 5.292422585029656148e+03 6.710261056753554385e+02
1.039023027663214089e+04 5.925384141949341029e+03 7.042849850945542585e+02
1.051099359926750003e+04 5.290178154670215918e+03 6.618592870726887440e+02
1.088472022639641909e+04 5.817060105329675935e+03 7.824650665063163615e+02
1.061411253577068419e+04 5.446423291004845851e+03 7.080661233927964986e+02
1.008736274140177011e+04 5.659729839834792983e+03 7.364905266720174950e+02
1.077030726967458577e+04 5.475254663392108341e+03 6.132093518449364637e+02
1.099550835390330030e+04 5.446066626436010665e+03 7.169006491016541531e+02
1.070797578115869692e+04 6.303724481098277465e+03 7.549106268523714789e+02
1.103703282671592933e+04 5.698104282662341575e+03 6.008432009693962073e+02
1.020037418824029191e+04 5.589338748815168401e+03 6.049096904220183433e+02
1.102662733234236839e+04 5.450465709363747919e+03 7.396084188337786145e+02
1.098126235775089299e+04 5.603969473971103071e+03 6.022166218911801252e+02
1.061123516669807759e+04 5.509964235044336419e+03 7.621711960975487727e+02
1.037297040214313529e+04 5.692037727037951299e+03 6.046584981996703618e+02
1.070308146398251847e+04 6.137859204374993169e+03 6.249343104886577294e+02
1.100472951128753812e+04 5.626701545071417968e+03 6.023554707714940832e+02
1.122461821145201611e+04 5.762441483042808613e+03 6.430748818007716636e+02
1.097064902637477280e+04 5.754666801166908954e+03 6.658632734734703718e+02
1.038817666210787684e+04 5.340488885020033194e+03 7.911556537806634424e+02
1.077489801108850224e+04 5.346557537627287275e+03 6.212799764796523050e+02
1.011816460608276793e+04 5.809531240381050338e+03 7.990235068065580890e+02
1.057956813111664087e+04 5.216168756479941294e+03 6.003824731514653195e+02
1.111472496447909180e+04 5.909166373094668415e+03 6.747029698450926389e+02
1.075663880424664058e+04 5.333929511238184205e+03 6.182939996596003311e+02
1.059855503683576171e+04 5.282969128369689315e+03 6.056371576898079638e+02
1.116785720922076689e+04 5.503962835275828184e+03 7.927182768854747792e+02
1.091262233378048768e+04 6.011367606060995968e+03 7.639131858830930923e+02
1.084979946490177281e+04 5.538016007289640584e+03 6.068091973912266894e+02
1.053153552589562423e+04 5.712141025984578846e+03 6.965984699961094293e+02
1.042372734598346506e+04 5.848035088493122203e+03 6.191211171384228464e+02
1.063954960150011175e+04 5.560753308598311378e+03 7.764735616357173740e+02
1.113361487676244724e+04 5.718012261017845049e+03 6.148184442615633998e+02
1.063776293786125279e+04 5.809546894366465494e+03 7.044349756502914488e+02
1.085213644257764645e+04 6.234838729863778099e+03 6.033356055294498219e+02
1.058352270412653525e+04 5.474478947093477473e+03 7.566175821736826492e+02
1.018803567302688316e+04 5.836921786505085038e+03 7.869140171954938978e+02
1.125393390510849167e+04 5.848991084543829857e+03 6.102458447520152731e+02
1.078137360331479613e+04 5.312534188175290183e+03 6.480392327969624375e+02
1.025798736893762361e+04 5.598429199148705266e+03 6.006779180398839344e+02
1.105226949016784602e+04 5.891391072536336651e+03 7.140798965462183787e+02
1.018299499483674481e+04 5.582277289580884826e+03 6.081424964821013646e+02
1.056271015262202855e+04 6.046123532853441247e+03 6.595080432588695203e+02
1.105340373363636900e+04 5.699556213978910819e+03 6.000003415351225158e+02
1.041027497913337538e+04 5.526766545355980270e+03 7.510425510998832124e+02
1.006326011210149591e+04 5.733088146799633250e+03 7.945636481330732295e+02
1.096255893716121864e+04 5.944781328798062532e+03 7.987549032187314424e+02
1.099146733522174145e+04 5.811083049668020976e+03 6.967949287475321398e+02
1.107757023123790532e+04 5.403190121557840030e+03 7.958014365307881235e+02
1.035623117389674371e+04 5.986961017797395471e+03 7.778409842746191316e+02
1.063147077602781246e+04 5.328252419577512228e+03 6.098366778359852560e+02
1.054230521943465101e+04 5.832147419182819249e+03 6.156013056774633014e+02
1.066417269706598745e+04 5.911362676500888483e+03 6.414354684221866592e+02
1.042247665820055227e+04 5.423794139010011349e+03 7.999931475894882169e+02
1.112249759019198609e+04 5.910186561656318190e+03 6.689470741376624119e+02
1.089970707975400910e+04 5.218188902541991411e+03 7.974261628605800070e+02
1.029302902236563932e+04 5.946656506818367234e+03 7.889199172737838808e+02
1.073900850592801180e+04 6.015367346275890668e+03 6.226171384043747139e+02
1.105148682010689663e+04 5.421963063566387063e+03 7.771637598376665892e+02
1.062251672033954674e+04 6.273900390273250196e+03 7.879900999154438068e+02
1.125584133136120727e+04 5.652705695107839347e+03 7.602742034082295959e+02
1.016369830540249495e+04 5.819395836466408582e+03 7.897463883213833924e+02
1.065454824956968696e+04 5.505507547531094133e+03 7.243968143396893993e+02
1.031772064958922419e+04 5.462061865683686847e+03 7.284240417601479294e+02
1.097255882426181415e+04 5.355184397658878879e+03 7.698611912675769418e+02
1.019207725990645849e+04 5.711139171064066431e+03 6.900040852912169385e+02
1.060005429344787262e+04 5.797236600163674666e+03 6.819672415181350971e+02
1.022953114659485982e+04 5.510445420272395495e+03 6.201173371608749676e+02
1.034819511105597303e+04 5.572546267031608295e+03 6.589743303298087085e+02
1.063494026909535023e+04 6.255169978220126723e+03 7.716538363694401141e+02
1.049504382249891387e+04 5.749419644489486927e+03 6.363827169849074608e+02
1.088346943331172952e+04 5.839328264077937092e+03 7.924059668718011835e+02
1.082662976785335377e+04 6.227747158040039722e+03 6.087991779858316477e+02
1.053562568107238440e+04 5.525235932684712679e+03 7.995741454297888140e+02
1.055916223446171352e+04 6.161158182442682119e+03 7.594630563464784245e+02
1.058788044800360512e+04 5.619755285181163345e+03 7.960157143748164117e+02
1.009872570471090148e+04 5.702442123709995940e+03 7.606851897963634883e+02
1.077424665532354265e+04 5.139052996276072008e+03 7.802690663538929812e+02
1.102787517967456370e+04 5.652384748117317940e+03 6.018938267527231574e+02
1.067136801260481843e+04 5.921681190178392171e+03 6.392088208057064094e+02
1.110939940600028967e+04 5.947095685359954587e+03 7.128249265102517711e+02
1.071086858432427107e+04 5.697671151376393027e+03 7.993131832101946657e+02
1.063061499582421857e+04 5.676023878044221419e+03 7.919695258866217955e+02
1.081320627801135925e+04 5.321968181656652632e+03 6.659581197283310985e+02
1.046401455509108928e+04 5.906324762538904906e+03 6.295212165045545589e+02
1.108702246705395737e+04 5.439270105901469833e+03 7.864113768148409918e+02
1.082934846540877334e+04 5.725987650851999206e+03 7.607060558350309520e+02
1.044038194893684158e+04 5.442147078181215875e+03 7.999877000356084409e+02
1.048347653388807339e+04 5.374376956997994967e+03 7.565766905198690893e+02
1.036452437813530014e+04 5.345466397701427013e+03 7.985695411681584801e+02
1.073458786249246987e+04 5.125401606962941514e+03 7.644750978345975909e+02
1.057843371496127293e+04 5.407611328812185093e+03 7.052883915815970113e+02
1.070069426494173604e+04 5.667015835890281778e+03 7.955555314719831586e+02
1.103083519019212690e+04 5.410712789412858911e+03 7.715872914597847512e+02
1.119032959103966641e+04 5.757650480216980213e+03 6.237153790703637242e+02
1.086821886586279470e+04 5.718024931623664997e+03 7.234017798457949766e+02
1.053263236883492027e+04 6.124843668296769465e+03 7.522569555058696551e+02
1.071637020024447156e+04 6.159522184268835190e+03 6.300538157998603310e+02
1.075747975849181603e+04 6.135206433567935164e+03 6.022980560745286311e+02
1.103584673436601042e+04 5.351671839279487358e+03 7.979311163463373759e+02
1.047116210625983695e+04 5.663166459071836471e+03 6.865103111037141161e+02
1.016878704281537648e+04 5.604606062544753513e+03 6.255488246710551721e+02
1.086218594447997202e+04 5.413244338189731934e+03 6.338213698468156281e+02
1.095510661494347551e+04 5.760819337849758085e+03 6.845032130159846702e+02
1.037842666873403141e+04 6.068383843832750244e+03 7.988411494182696515e+02
1.093584376601651820e+04 5.371089377505481025e+03 7.301138445554712462e+02
1.049774433964659693e+04 5.984206942469891146e+03 6.620000103932427464e+02
1.049663213428261588e+04 5.847177730147758666e+03 6.000357133238870802e+02
1.085993386062850914e+04 5.729994653681365889e+03 7.404275848651135448e+02
1.021962992201857196e+04 5.492453664596212548e+03 6.246446093027597044e+02
1.054104724845575402e+04 5.274003729732676220e+03 6.281189457648488315e+02
1.110133201095376171e+04 5.534301079730435958e+03 7.320365330530295296e+02
1.045480627778880989e+04 5.852513449916148602e+03 6.075983175626702177e+02
1.101325972369438205e+04 5.472257814548782335e+03 7.094685268764162629e+02
1.107645971517271391e+04 5.995059332908162105e+03 7.749622533491576633e+02
1.059642909331302872e+04 5.389674342056365276e+03 6.736761096315349278e+02
1.063480113771851575e+04 5.753956031599978814e+03 7.489933820744580544e+02
1.036517702910411026e+04 5.624939858488566642e+03 6.327637819299001194e+02
1.043349162660350703e+04 6.007008259443009592e+03 7.374396214809955836e+02
1.080725267751545471e+04 5.181906073942468538e+03 7.747502683919803985e+02
1.053204603847947510e+04 5.967983888811604629e+03 6.256193590945042615e+02
1.111172942682040593e+04 5.830743142868408540e+03 6.200788616268519036e+02
1.108685644169182524e+04 5.681404673298138732e+03 6.104461676422345136e+02
1.067450712942959763e+04 6.127525507006649605e+03 6.365799720297243312e+02
1.113649681984696690e+04 5.558897603057283050e+03 7.407780933863643895e+02
1.106725572344971260e+04 5.889590330374084260e+03 6.992103321672941547e+02
1.077659859907824648e+04 5.277126637736689190e+03 6.729224947800232712e+02
1.052039835460363065e+04 6.193426651889123605e+03 7.954501284069729081e+02
1.117586014289879495e+04 5.522381616923743422e+03 7.888592815475626594e+02
1.074322166982822091e+04 5.747910280286569105e+03 7.999132268782038864e+02
1.011963223174022460e+04 5.725160628006757179e+03 7.619569848665312293e+02
1.114260993236588729e+04 5.452537580768734188e+03 7.988566331646024992e+02
1.079405384748430515e+04 5.906975727007044043e+03 7.537440393375397889e+02
1.051664330524391335e+04 5.913708306826540138e+03 6.073816463471151792e+02
1.097120563798431431e+04 5.698423844931525309e+03 6.246691188452822416e+02
1.049745917539775655e+04 5.248346205881912283e+03 6.400590492673621839e+02
1.084731467213638098e+04 5.764369017319888371e+03 7.740464123701401604e+02
1.114253509720149304e+04 5.926845255789732619e+03 6.661075872918288496e+02
1.097303196670364196e+04 5.992442775787785649e+03 7.985162180551158144e+02
1.021440281168812362e+04 5.517003647124370218e+03 6.100753539243812611e+02
1.089282137530011460e+04 5.459199423334460334e+03 6.242597458890988946e+02
1.010525228573984168e+04 5.763246483329688999e+03 7.906277945213938665e+02
1.089383867427836776e+04 5.957261675516168907e+03 7.845357686822765118e+02
1.011332507211989832e+04 5.699924165910818374e+03 7.479419597623415257e+02
1.089020661907253452e+04 6.145844831231665921e+03 6.355212702897440522e+02
1.067779161894034951e+04 5.546334243267937381e+03 7.391900899266963734e+02
1.059548425968941046e+04 6.201018141590475352e+03 7.619608109169444106e+02
1.077779860732040106e+04 5.112696111251876573e+03 7.931150731323150467e+02
1.046058422407913713e+04 6.093705248552591001e+03 7.791571373324779870e+02
1.040539003932883497e+04 5.321973858799527989e+03 7.737647639665957513e+02
1.061624448040319839e+04 5.418563419802208045e+03 6.815315042492563862e+02
1.026346037345291006e+04 5.844257717032708570e+03 7.433560520827893470e+02
1.009579618571507672e+04 5.727840273705036452e+03 7.785687578436812828e+02
1.030703690504168299e+04 5.446272693351997987e+03 7.327427502456207549e+02
1.010902080534553170e+04 5.700094122396745661e+03 7.513921660512128256e+02
1.048847107432768826e+04 5.603018495804688428e+03 7.525203947075605129e+02
1.033410283624089061e+04 5.948877911151850640e+03 7.681900954897082556e+02
1.062644645214497905e+04 6.075694877969786830e+03 6.340260062067977742e+02
1.059824356394962524e+04 6.251232449726704544e+03 7.886588700173501820e+02
1.003260517748115490e+04 5.694814447282834408e+03 7.921469851461395137e+02
1.119444072496109948e+04 5.536094751561627163e+03 7.907594734741753655e+02
1.072675870208321976e+04 5.133553035762408399e+03 7.530082356475895722e+02
1.114411888155446104e+04 5.489304006749301152e+03 7.893976828907243544e+02
1.087839710662496873e+04 6.068625968534571257e+03 6.880751642923780764e+02
1.031533074055887482e+04 5.688051913036110818e+03 6.014469493463354866e+02
1.084625925632599683e+04 5.200634378505678797e+03 7.854445455833633787e+02
1.070911689780073175e+04 5.774010868159078200e+03 7.838303304819162349e+02
1.052973138627192566e+04 6.206990712367423839e+03 7.965035513327696890e+02
1.087467858417493153e+04 6.020167271361929124e+03 7.274450213195593733e+02
1.092327965350773775e+04 5.673816022193708704e+03 6.398099308699426047e+02
1.089088471826197201e+04 5.735863632525828507e+03 7.192113443685595939e+02
1.030527266883824086e+04 5.637308013543889501e+03 6.018223923110818987e+02
1.061772846741093417e+04 6.244830717235339762e+03 7.757773917103443182e+02
1.073316593625863970e+04 5.582920672705998186e+03 7.233574338719224670e+02
1.033472857054292217e+04 5.616499106448689417e+03 6.196619530918434293e+02
1.135824597841575087e+04 5.706710698907398182e+03 7.880540316511574019e+02
1.096594993268244434e+04 5.358725047673775407e+03 7.631331686159253422e+02
1.109155379445079961e+04 6.001061339352042523e+03 7.693763468775708816e+02
1.076235547575913370e+04 5.738929018109024582e+03 7.978412408073353390e+02
1.076885612640452018e+04 5.942382623745846104e+03 7.028876483460444433e+02
1.057934479235018989e+04 6.005655515034450218e+03 6.201805711688203928e+02
1.082968312817857623e+04 6.040215392763833734e+03 6.704533210752085779e+02
1.070208827663667034e+04 5.927804568190911596e+03 6.578711309442105630e+02
1.047163220156467833e+04 6.064100133100761013e+03 7.524512432662456831e+02
1.070758895678967019e+04 5.573553995174706870e+03 7.370728263777580196e+02
1.071488756897563326e+04 5.793356206136853871e+03 7.766608362703154853e+02
1.076768347431051916e+04 5.889332214372783710e+03 7.470497153845151388e+02
1.054263974065582261e+04 5.420777804286988612e+03 7.468824678161431621e+02
1.091126534632779294e+04 5.661183544091529257e+03 6.393721923072941991e+02
1.048193037278002521e+04 5.857352685913358073e+03 6.018821206500522294e+02
1.093220900179032469e+04 5.380895197711494802e+03 7.185377893212136087e+02
1.091923846329760636e+04 5.686008154335595464e+03 6.519141488215648224e+02
1.118817936607466982e+04 5.691478025784012061e+03 6.705610009916304080e+02
1.052620830904877403e+04 5.891350201740044213e+03 6.005297007174041255e+02
1.058585091600234045e+04 5.123811221991752063e+03 6.429748128088426711e+02
1.108589226351699108e+04 5.581831327176915693e+03 6.768692405494670083e+02
1.027456777706610592e+04 5.937727088293332599e+03 7.924716212524656385e+02
1.101971259140276379e+04 5.482792192329132376e+03 7.058526516064464431e+02
1.051731487516684683e+04 5.533796454777620966e+03 7.989295138986893789e+02
1.050791045883557854e+04 5.623151888876479461e+03 7.519946194611643477e+02
1.081371586470279181e+04 5.576949788167831684e+03 6.491836077453070857e+02
1.079490881764029109e+04 5.342859544441163962e+03 6.359165378479804076e+02
1.103054032214082690e+04 5.649806108870202479e+03 6.029025035493282303e+02
1.070090342955700726e+04 5.495250363653388376e+03 6.746217614063690462e+02
1.066198706375791335e+04 5.224649564276288402e+03 6.264563700787095968e+02
1.121250895726131785e+04 5.704652445535471088e+03 6.801629678700123804e+02
1.108180810411946550e+04 5.946053011656556009e+03 7.356489997490728001e+02
1.123811189795905557e+04 5.686402667606782416e+03 7.188829505791779866e+02
1.056311384523486595e+04 5.575233628588223837e+03 7.994206651325474695e+02
1.059275691189196186e+04 6.208620064486981391e+03 7.688940874400345820e+02
1.069861892617954072e+04 5.806504417546068908e+03 7.574629285612610374e+02
1.045679685575946678e+04 6.153790472409533322e+03 7.995965017970831923e+02
1.081826091091034687e+04 6.233192829377162525e+03 6.145077669615204741e+02
1.037711186038111191e+04 5.880954834741779450e+03 6.766808604986098317e+02
1.108707255922473814e+04 5.997540780860657833e+03 7.699886020423398350e+02
1.096422525067389506e+04 5.970097715227091612e+03 7.998638862504537883e+02
1.029095917547540921e+04 5.877861949624319095e+03 7.481785955413513420e+02
1.098812153139376642e+04 5.606133479329607326e+03 6.031750035945249238e+02
1.111490023144591578e+04 5.485092364175042349e+03 7.773240903691980748e+02
1.118238757322487436e+04 5.653598523335959726e+03 6.986307142813150222e+02
1.077770122729903778e+04 6.116661259284514927e+03 6.008395790650750996e+02
1.037739263649289023e+04 5.715548543069421612e+03 6.009345051118891661e+02
1.036110033349867626e+04 5.469481366748701475e+03 7.571020030244972077e+02
1.059010251969540150e+04 6.102538877215220054e+03 6.841669612665436944e+02
1.051452323857670126e+04 6.090502040116321950e+03 7.394592019580056785e+02
1.118217362340249747e+04 5.603022520098131281e+03 7.420332861124355759e+02
1.093314716885824782e+04 5.232471160228670669e+03 7.998367820721970247e+02
1.115261755789070230e+04 5.644882466177386959e+03 6.800572325578054915e+02
1.134347678973625625e+04 5.703779896917485530e+03 7.825906336475103444e+02
1.041364520907877522e+04 5.468917626477459635e+03 7.881796828126816763e+02
1.041013942335572392e+04 5.309050150962368207e+03 7.622975451731160774e+02
1.116655109817116681e+04 5.870182871201743183e+03 6.126346061677721764e+02
1.078465484456293780e+04 5.546672679217142104e+03 6.482559250064432490e+02
1.056938662665526499e+04 5.633316621338944969e+03 7.842942529091085362e+02
1.060151154068452706e+04 5.394434307028177500e+03 6.733997742090318752e+02
1.085183943321161132e+04 6.210924927429201489e+03 6.001207960950523557e+02
1.102165302433434954e+04 5.764027322482571435e+03 6.341815037735702845e+02
1.058882126949260601e+04 5.777061345095769866e+03 6.898315140544907536e+02
1.048953662001460179e+04 5.477839296126557201e+03 7.994603132671378489e+02
1.073767422460376110e+04 5.182854756557760993e+03 7.215893596142060460e+02
1.033620752073848416e+04 5.913699334752198411e+03 7.406909345185188158e+02
1.054351215872827015e+04 5.698292541221795545e+03 7.194211994698607668e+02
1.107632589467288562e+04 5.867619135601353264e+03 6.720068197271641566e+02
1.028410604100440833e+04 5.718616116890622834e+03 6.247773836389458211e+02
1.087586218810066566e+04 5.791350895163262976e+03 7.731042644855783692e+02
1.064945046352924874e+04 6.080364243901562077e+03 6.227105601966402446e+02
1.062783194579556766e+04 6.063510025014994426e+03 6.254652740610976025e+02
1.009238904848940365e+04 5.798546331990484759e+03 7.999964408607385167e+02
1.073086170292411953e+04 5.365875591944874031e+03 6.005155673035351356e+02
1.071554734761311556e+04 5.306770164041585303e+03 6.117999479499271729e+02
1.044328814032539049e+04 5.302297829728165198e+03 7.312657427545026394e+02
1.128931987167326224e+04 5.674003085177688263e+03 7.685413866018724320e+02
1.103563228773197625e+04 5.817637915885259645e+03 6.641882747574320547e+02
1.086038040314411592e+04 5.383648259854114258e+03 6.541542500981868216e+02
1.096376752116592615e+04 6.066992520422372763e+03 7.608019124640269411e+02
1.044526171890295882e+04 5.663045601928378346e+03 6.643629679107191350e+02
1.093946727215792635e+04 5.858053275382891115e+03 7.749542458583403004e+02
1.097103860614045516e+04 5.502461635466582266e+03 6.478401253107010689e+02
1.045265330522022850e+04 6.147512694247632680e+03 7.994084134179531702e+02
1.081540585114881105e+04 5.696844221400817332e+03 7.494522565346599094e+02
1.017602665771372267e+04 5.575589555334791839e+03 6.082413315833495062e+02
1.054252064859490201e+04 5.922162724788560809e+03 6.026749665980955797e+02
1.043455835051685608e+04 5.409174764178910664e+03 7.974670668479271853e+02
1.036218916634186098e+04 5.817961377773608547e+03 6.384907076217825761e+02
1.040350752791073683e+04 5.800709175501721802e+03 6.074274989816410653e+02
1.082657876130380646e+04 5.513137548201648315e+03 6.062850622985097289e+02
1.078579976821095261e+04 5.726311547620080091e+03 7.863514778042176658e+02
1.071622901299276418e+04 5.702565772195802310e+03 7.992639053559788636e+02
1.105023749292863795e+04 5.933522662644959382e+03 7.508718532391986855e+02
1.078323468385562592e+04 5.456620549109772583e+03 6.028513868940008251e+02
1.083111664892944827e+04 6.191262895023481178e+03 6.001715468083166343e+02
1.065105612736818694e+04 5.280354605503748644e+03 6.011586516604590997e+02
1.067263464754241977e+04 5.386510564733453066e+03 6.174190964379959041e+02
1.070314856966473781e+04 5.151520338674528830e+03 7.188122663804605281e+02
1.084232651666951824e+04 5.951870439128944781e+03 7.562506830981359371e+02
1.044977068068588414e+04 5.469289598776086677e+03 7.984996856722559642e+02
1.048076832352222300e+04 5.383781618286882804e+03 7.651071418040485241e+02
1.099415560562194150e+04 5.965010443808514538e+03 7.966652444226782563e+02
1.028073282710395688e+04 5.721777114774969050e+03 6.287276913818710682e+02
1.091331301556776816e+04 6.029991068011509924e+03 7.508999857468946857e+02
1.086286827757783976e+04 5.761426906000273448e+03 7.620525030828406443e+02
1.055269377800499387e+04 5.384882166064757257e+03 7.079577403368399473e+02
1.114396996280488747e+04 5.790053210932280308e+03 6.000005212386980702e+02
1.092955048541379074e+04 6.041515855055587053e+03 7.544588389008142713e+02
1.079905491114279357e+04 5.329441074383110390e+03 6.486284025863097895e+02
1.020906965229790512e+04 5.800562922863520726e+03 7.517119187318904778e+02
1.072885076683018269e+04 6.101836299368451364e+03 6.014870370364906194e+02
1.115190008242471231e+04 5.918861417788720246e+03 6.520635290172974692e+02
1.082550725822010645e+04 5.808647647999690889e+03 7.988799371367633739e+02
1.051448533165257868e+04 5.855995893146973685e+03 6.005720082794808832e+02
1.106705498127894680e+04 5.698276223757857224e+03 6.009137612966381994e+02
1.027198032218465960e+04 5.585993603294145032e+03 6.061089043628577429e+02
1.050293774421587477e+04 5.335350252825658572e+03 7.081562411380225512e+02
1.076826163208743856e+04 6.254042572947427288e+03 6.614404383577270892e+02
1.082648991306299649e+04 5.527203135638643289e+03 6.114023331657951985e+02
1.057368267514050422e+04 5.440268089718641932e+03 7.375842308265066549e+02
1.034927121272185468e+04 6.024128810733810496e+03 7.959222249377953631e+02
1.101341948902278273e+04 5.437338316521506385e+03 7.395427688815137799e+02
1.110550255546714652e+04 5.417244538528977500e+03 7.986007025327064639e+02
1.030553493116746358e+04 5.525859504999363708e+03 6.622628530743724014e+02
1.047273150709325819e+04 5.896888156853470718e+03 6.190422333424711496e+02
1.083732868476408839e+04 5.478388623568981529e+03 6.001145295773415000e+02
1.110069474391664335e+04 5.995662944244066239e+03 7.595195043998271558e+02
1.109067726530414438e+04 5.485808326727725216e+03 7.614959648023071850e+02
1.025612722208467130e+04 5.569314787254386829e+03 6.063639437087665556e+02
1.019814235574397208e+04 5.588771128965313437e+03 6.053777366204052441e+02
1.026748733404351333e+04 5.671550895726314593e+03 6.099040939905826235e+02
